13850467510 164 555
13883679287 164 205
13847549045 953 -338
13824630758 485 -121
13800619361 -218 -193
13899751480 632 299
13835084639 792 -180
13813067831 -793 -716
13850848222 -198 9
13839867536 739 -58
13894360271 788 -860
13817488882 -130 -533
13831439016 -199 -127
13839529826 -269 -308
13840219198 47 -570
13883868215 840 -899
13803877978 -517 -240
13867571709 877 665
13856335364 867 -362
13884703315 -109 -381
13805062327 -982 905
13813623870 503 950
13846748337 -304 647
13819379504 -922 -501
13840242131 -576 522
13827237015 109 -784
13831739017 820 508
13801557657 566 249
13820834981 -141 351
13894535001 773 647
13851715307 -166 649
13873194983 400 353
13864664074 -472 -143
13865380901 267 -582
13899207046 134 895
13806200398 270 -601
13838154956 -216 -123
13803108178 -763 -906
13848246253 804 922
13853269351 -94 469
13873361212 -720 310
13842561108 -856 -558
13814262119 463 515
13831122535 112 837
13895977565 -385 -938
13892744644 -11 -463
13870809419 291 41
13888842453 -177 922
13846970940 932 570
13839718476 69 -136
13816948301 -106 635
13876920872 -290 985
13887765461 729 260
13874297201 -366 576
13839742359 -677 -44
13831607908 913 -84
13897278403 -123 552
13885647869 -202 634
13886709252 180 -723
13803465686 -669 983
13871803800 653 174
13830550668 -845 -900
13863220235 789 -230
13877341417 948 30
13897927877 493 176
13819002675 -427 -12
13816488250 804 280
13864429351 85 486
13868242230 841 -820
13857863755 901 -830
13824662620 -875 -962
13880409932 561 418
13825679486 769 -300
13818058251 757 800
13870387216 -780 114
13836886531 469 596
13893297946 385 -550
13877805809 -100 702
13847480699 -35 5
13811383667 -790 -55
13868512813 -508 -808
13849434515 -814 -486
13895738300 838 -20
13883736779 30 876
13893470506 479 -874
13814859123 -762 -488
13866668867 -731 273
13843603712 386 -783
13870477833 682 -917
13880825661 -170 85
13825233380 35 -802
13862995742 518 288
13869343648 -634 145
13825105038 -591 -876
13863386899 141 38
13825110304 374 -150
13803732912 685 -934
13878223951 -262 -178
13862387003 -375 61
13871874395 -831 -49
